52,52
52,51
52,50
52,49
52,48
52,47
52,46
52,45
52,44
52,43
52,42
52,41
52,40
52,39
52,38
52,37
52,36
52,35
0,273
0,270
3,2
10,88
10,222
10,248
10,306
10,308
10,10
10,116
10,286
10,2
10,3
9,7
9,6
9,4
9,2
9,3
8,10
8,7
8,6
8,5
8,2
8,3
48,4
48,3
48,1
45,4
45,3
45,1
43,3
43,1
42,3
42,1
40,3
40,1
39,3
39,1
38,4
38,1
37,4
37,3
37,1
36,3
36,1
20,3
20,2
20,1
19,3
19,2
19,1
12,3
12,2
12,1
11,30
11,29
11,28
11,27
11,26
11,25
11,24
11,23
11,22
11,21
11,20
11,19
11,17
11,16
11,15
11,14
11,13
11,12
11,11
11,10
11,9
11,8
11,7
11,6
11,5
11,3
11,2
11,1
10,315
